2.049334449102321321e-01
1.730031575704414903e-01
1.530689836359624134e-01
1.371775129344763311e-01
1.235318074621103157e-01
1.113679335151425559e-01
1.002762859459308126e-01
9.012168501447180569e-02
8.106020629435448099e-02
7.306195337471742268e-02
6.598115845146809710e-02
5.965899619976101909e-02
5.395826961032565428e-02
4.877356936662825826e-02
4.413327382163532986e-02
4.008013664266285581e-02
3.654503064995383299e-02
3.343336062741734949e-02
3.066141061110749105e-02
2.816315732015705134e-02
2.589089204776373263e-02
2.384654228628563244e-02
2.203970545041250909e-02
2.044312667451145260e-02
1.902193587967421565e-02
1.774513139800439412e-02
1.658641598043676321e-02
1.552435500749905183e-02
1.454566833444975033e-02
1.364300207346890760e-02
1.281033965850616324e-02
1.204268019446545594e-02
1.133421341208839736e-02
1.067667227138207817e-02
1.006134453197782622e-02
9.482020259764340972e-03
8.940700535679866126e-03
8.441068071246829105e-03
7.986791207992826117e-03
7.579025828406225213e-03
7.213564152434758826e-03
6.885508738994004264e-03
6.589962146999537099e-03
6.322026935366933768e-03
6.076805663011777651e-03
5.849903675616656418e-03
5.639401161984945905e-03
5.444138491811308100e-03
5.262956239166416764e-03
5.094694978120935247e-03
4.938195282745542515e-03
4.792297727110902787e-03
4.655842885287690691e-03
4.527671331346573916e-03
4.406623639358222752e-03
4.291540383393307491e-03
4.181262137522500158e-03
4.074629475816471912e-03
3.970539870478201165e-03
3.868536199633054989e-03
3.768570242681966269e-03
3.670600265321326099e-03
3.574584533247530341e-03
3.480481312156974427e-03
3.388248867746052918e-03
3.297845465711162546e-03
3.209229371748693969e-03
3.122358851555048689e-03
3.037192170826616498e-03
2.953687595259794994e-03
2.871803390550978306e-03
2.791497822396562297e-03
2.712729156492942398e-03
2.635455658536511436e-03
2.559635594223666141e-03
2.485227229250801945e-03
2.412188829314312975e-03
2.340478660110595095e-03
2.270054987336043301e-03
2.200876076687052155e-03
2.132900193860017089e-03
2.066085604551333096e-03
2.000390574457395175e-03
1.935773369274598971e-03
1.872192254699338830e-03
1.809605496428009531e-03
1.747971360157007589e-03
1.687248111582726265e-03
1.627394016401562723e-03
1.568367340309910225e-03
1.510126349004165067e-03
1.452629308180722247e-03
1.395834483535975026e-03
1.339700140766321001e-03
1.284184545568153651e-03
1.229245963637869490e-03
1.174842660671861997e-03
1.120932902366526384e-03
1.067474954418259382e-03
1.014427082523454687e-03
