1.071038635040195194e-03
1.071038635040195194e-03
1.071038635040195194e-03
1.071038635040195194e-03
2.077533201007042939e-03
2.626607724984773590e-03
3.206158341140111570e-03
3.816128498109132294e-03
4.456461644527879955e-03
5.127101229032430402e-03
5.827990700258828261e-03
6.559073506843149381e-03
7.320293097421434053e-03
8.111592920629764197e-03
8.932916425104181837e-03
9.784207059480761956e-03
1.066540827239555872e-02
1.157646351248461762e-02
1.251731622838401017e-02
1.348790986872980963e-02
1.448818788215806494e-02
1.551809371730482334e-02
1.657757082280615288e-02
1.766656264729813547e-02
1.878501263941680793e-02
1.993286424779822097e-02
2.111006092107846344e-02
2.231654610789356175e-02
2.355226325687961517e-02
2.481715581667265011e-02
2.611116723590875197e-02
2.743424096322394715e-02
2.878632044725434186e-02
3.016734913663595558e-02
3.157727048000485287e-02
3.301602792599710873e-02
3.448356492324879813e-02
3.597982492039596136e-02
3.750475136607463872e-02
3.905828770892089824e-02
4.064037739757085654e-02
4.225096388066048453e-02
4.388999060682591269e-02
4.555740102470318131e-02
4.725313858292832375e-02
4.897714673013742886e-02
5.072936891496653000e-02
5.250974858605172990e-02
5.431822919202904804e-02
5.615475418153456633e-02
5.801926700320433894e-02
5.991171110567443392e-02
6.183276784385527414e-02
6.378611480651058541e-02
6.577618996108559879e-02
6.780743127511922042e-02
6.988427671615048131e-02
7.201116425171825985e-02
7.419253184936151768e-02
7.643281747661907766e-02
7.873645910102998469e-02
8.110789469013317265e-02
8.355156221146749218e-02
8.607189963257190490e-02
8.867334492098538634e-02
9.136033604424678711e-02
9.413731096989517988e-02
9.700870766546938750e-02
9.997896409850830224e-02
1.030525182365509274e-01
1.062338080471362106e-01
1.095272714978030859e-01
1.129373465560903483e-01
1.164684711895371122e-01
1.201250833656822004e-01
1.239116210520646161e-01
1.278326288776600594e-01
1.319062212542383150e-01
1.361772318932043813e-01
1.406936159103169826e-01
1.455033284213348432e-01
1.506543245420168542e-01
1.561945593881216288e-01
1.621719880754081133e-01
1.686345657196349213e-01
1.756302474365608324e-01
1.832069883419447098e-01
1.914127435515452225e-01
2.002986250156456316e-01
2.100682265103856750e-01
2.211423959839689535e-01
2.339586038102854371e-01
2.489543203632263446e-01
2.665670160166815350e-01
2.872518333975860316e-01
3.120593725806798946e-01
3.427646017753780971e-01
3.816586552409564348e-01
4.451410894149464559e-01
5.790560021685500214e-01
1.197379584139205866e+00
1.197379584139205866e+00
1.197379584139205866e+00
1.197379584139205866e+00
