1.999999999999999833e-01
1.985667944872357704e-01
1.964995047737166378e-01
1.938849087075820432e-01
1.918676042656551894e-01
1.898499891191143263e-01
1.878321382498442937e-01
1.858140742901072673e-01
1.837958272988036990e-01
1.817774191198391620e-01
1.797588690887202689e-01
1.777401933307392323e-01
1.757214056867560659e-01
1.737025180194843588e-01
1.716835405785020752e-01
1.696644822584046364e-01
1.676453508174033102e-01
1.656261530525460213e-01
1.636068949441875919e-01
1.615875817749769239e-01
1.595682182286961015e-01
1.575488084727482696e-01
1.555293562273883934e-01
1.535098648241072505e-01
1.514903372551053007e-01
1.494707762154002806e-01
1.474511841388168043e-01
1.454315632288731008e-01
1.434119154853849831e-01
1.413922427274672544e-01
1.393725466134887181e-01
1.373528286584386748e-01
1.353330902490920973e-01
1.333133326572885358e-01
1.312935570515959272e-01
1.292737645075817399e-01
1.272539560168822748e-01
1.252341324952316315e-01
1.232142947895887297e-01
1.211944436844609729e-01
1.191745799076068951e-01
1.171547041348780516e-01
1.151348169955208472e-01
1.131149190732302356e-01
1.110950109212659187e-01
1.090750930218592901e-01
1.070551659568624858e-01
1.050352297697581400e-01
1.030152864147387826e-01
1.009950678743188751e-01
9.897304224775077541e-02
9.695086115758369538e-02
9.492879305972611037e-02
9.290684514048752618e-02
9.088502059232295149e-02
8.886332132785453031e-02
8.684174742904227084e-02
8.482029753679927453e-02
8.279896900314095975e-02
8.077775811835938291e-02
7.875666031464041705e-02
7.673567036430302413e-02
7.471478256053142031e-02
7.269399088025996214e-02
7.067328912361772741e-02
6.865267104306752022e-02
6.663213041028336059e-02
6.461166122807367185e-02
6.259125727953700202e-02
6.057091419794307513e-02
5.855062155105484473e-02
5.653039412970836675e-02
5.451014898791699953e-02
5.249017018395521483e-02
5.046687936331646640e-02
4.843670731083689340e-02
4.640800745744104450e-02
4.438065815363266553e-02
4.235481857202996053e-02
4.033031830403233792e-02
3.830702058459155984e-02
3.628475560976118786e-02
3.426333436846960845e-02
3.224268845387677496e-02
3.022229987544525903e-02
2.820337954558126484e-02
2.616716578171715546e-02
2.411349152439334897e-02
2.207364211156083444e-02
2.004288980552480781e-02
1.801916869773772731e-02
1.600084293802365304e-02
1.395703447741588124e-02
1.190120846389356064e-02
9.872563563243395499e-03
7.528458716598677991e-03
5.273353080530875092e-03
2.085714644411809301e-03
1.094240187667133582e-03
0.000000000000000000e+00
0.000000000000000000e+00
0.000000000000000000e+00
0.000000000000000000e+00
0.000000000000000000e+00
